-32.179489 -35.042300 -28.484010
-32.812490 -37.353722 -110.926206
-35.848249 -35.945840 -104.855642
-36.930140 -32.604168 -104.410887
-23.487033 -32.783310 -29.056843
-28.218735 -28.672351 -96.964213
-32.787573 -23.594150 -48.689518
-28.547387 -28.440385 -21.152557
-31.406774 -31.273201 -39.302243
-31.304306 -30.314435 -105.396444
-28.868978 -30.732057 -57.994790
-30.026258 -29.784197 -103.556786
-22.508603 -25.707840 -23.686713
-23.392405 -24.924936 -93.951487
-23.885312 -23.383031 -26.372303
-24.753965 -22.972425 -20.341870
-22.529425 -22.155633 -84.387568
-22.430982 -19.970991 -104.398837
-20.384882 -19.012215 -44.756567
-19.137492 -21.973055 -19.616758
-17.688370 -19.641026 -16.582387
-17.537913 -19.500149 -20.899652
-18.784050 -18.313314 -21.870501
-20.047396 -17.573962 -17.123224
-15.364259 -16.926882 -105.887154
-16.535811 -15.985577 -105.676505
-16.297065 -14.804940 -17.631867
-15.383916 -15.407218 -13.967115
-12.745169 -12.297495 -11.106000
-12.495655 -13.146831 -15.082859
-13.248065 -13.015515 -15.116510
-13.298215 -12.475596 -12.677512
-10.240835 -11.147086 -52.833797
-11.024839 -11.421611 -82.723652
-11.522105 -10.153095 -10.590955
-9.337641 -9.730821 -8.767227
-8.605213 -9.216758 -78.801141
-9.299864 -9.364526 -28.636518
-9.318785 -8.722068 -11.342872
-9.237554 -8.355791 -6.717930
-5.059564 -7.293387 -44.144535
-6.608488 -7.155907 -13.820384
-6.952417 -5.370650 -14.362726
-4.463282 -4.776150 1.489934
8.164330 7.477569 69.356815
-0.872189 17.940697 -10.394153
8.610558 6.771942 39.363192
19.275921 1.799261 18.319899
37.181442 34.494834 26.945089
19.960851 57.561806 24.995348
28.920493 25.522454 111.202107
58.567355 18.941331 61.381413
312.422690 126.277551 32.033815
185.811622 147.248054 26.552025
76.802419 240.079794 180.693967
148.806124 199.154054 452.457791
-20.141556 -19.674791 -19.602143
-18.771507 -21.412171 -22.072453
-20.981926 -22.575301 -85.717028
-21.899606 -21.017780 -106.742584
-16.312534 -31.337140 -12.832769
-15.121983 -16.344182 -16.252251
-15.655615 -16.146272 -88.607026
-15.497251 -15.775812 -96.990586
-11.913188 -11.886265 -33.257696
-11.855568 -11.915926 -12.941381
-12.382490 -11.867345 -66.571943
-12.400303 -11.914201 -92.285672
-25.219670 -27.301757 -103.844844
-26.761272 -22.918467 -33.977096
-26.355962 -20.532939 -109.286924
-22.901443 -27.273775 -13.489325
1.594037 -4.094435 -50.512421
1.436873 3.857807 -22.552604
-4.260008 1.651518 -106.416257
-1.147260 -3.666817 -7.886813
38.295651 7.517337 -108.990691
18.696753 16.793139 -8.613640
7.763711 26.900381 -75.583287
17.820036 21.550077 17.323849
80.947030 20.610088 -56.274019
47.351344 36.333354 -20.492804
20.285979 76.210443 -80.758457
52.094482 54.540643 101.883440
126.559003 128.021592 192.075077
173.335009 93.863281 29.349529
136.994068 107.501734 -50.084176
95.593357 143.571966 -94.966925
210.577936 216.840279 400.603852
305.113552 123.177198 17.895882
194.683742 202.847075 57.815562
132.573267 291.736949 118.633057
511.693454 275.063814 226.714420
405.398041 298.590112 62.166588
238.120715 473.008809 107.832643
270.830696 371.189649 526.023065
